"";"1";"2";"3";"4";"5";"6";"7"
"1";0;12.1243556529821;3.16227766016838;5.19615242270663;11.8321595661992;20.2484567313166;7.14142842854285
"2";12.1243556529821;0;10.0498756211209;7.34846922834953;15.6524758424985;10.2469507659596;15.6843871413581
"3";3.16227766016838;10.0498756211209;0;3;13.7840487520902;17.6635217326557;7.14142842854285
"4";5.19615242270663;7.34846922834953;3;0;13;15.9059737205869;9.89949493661167
"5";11.8321595661992;15.6524758424985;13.7840487520902;13;0;25.2586618806302;18.2482875908947
"6";20.2484567313166;10.2469507659596;17.6635217326557;15.9059737205869;25.2586618806302;0;20.6639783197718
"7";7.14142842854285;15.6843871413581;7.14142842854285;9.89949493661167;18.2482875908947;20.6639783197718;0
